Using DBS instance at: http://cmsdbsprod.cern.ch/cms_dbs_prod_global/servlet/DBSServlet
-------------------------------------------------------
run	

175770
175755
175754
175744
175742
175735
175733
175711
175648
175637
175627
175581
175580
175579
175576
175566
175560
175506
175497
175495
175456
175045
174857
174812
174811
174809
174084
174074
174073
174070
174067
174065
174063
174060
174038
173692
173688
173677
173664
173663
173662
173661
173660
173659
173658
173657
173439
173438
173431
173430
173406
173389
173381
173380
173244
173243
173241
173240
173236
173226
173212
173198
172999
172998
172992
172952
172951
172949
172868
172867
172865
172847
172824
172822
172819
172802
172801
172799
172798
172791
172778
172635
172630
172620
