Using DBS instance at: http://cmsdbsprod.cern.ch/cms_dbs_prod_global/servlet/DBSServlet
-------------------------------------------------------
run	

175770
175755
175754
175744
175742
175735
175733
175711
175648
175637
175627
175581
175580
175579
175576
175566
175560
175506
175497
175495
175456
175045
174857
174812
174811
174809
174084
174074
174073
174070
174067
174065
174063
174060
174038
173692
173688
173677
173664
173663
173662
173661
173660
173659
173658
173657
173439
173438
173431
173430
173406
173389
173381
173380
173244
173243
173241
173240
173236
173226
173212
173198
172999
172998
172992
172952
172951
172949
172868
172867
172865
172847
172824
172822
172819
172802
172801
172799
172798
172791
172778
172635
172630
172620
172619
172617
172615
172611
172606
172604
172598
172597
172593
172588
172584
172579
172576
172567
172564
172561
172550
172549
172516
172507
172497
172495
172488
172485
172478
172476
172475
172473
172469
172468
172467
172463
172461
172411
172401
172400
172399
172389
172384
172383
172286
172276
172268
172255
172254
172252
172251
172208
172163
172111
172033
172024
172014
171949
171945
171926
171921
171897
171895
171890
171880
171879
171876
171875
171866
171812
171578
171577
171548
171521
171504
171484
171446
171369
171348
171315
171282
171274
171246
171219
171191
171182
171178
171156
171117
171116
171106
171102
171098
171091
171050
170975
170909
170907
170901
170899
170896
170876
170854
170842
170826
170759
170743
170722
170718
170713
170527
170497
170452
170406
170397
170396
170382
170380
170378
170376
170354
170348
170307
170304
170303
170298
170292
170286
170255
170249
170212
170202
170181
170071
170070
170067
170053
168437
168425
168423
168229
168207
168162
168155
168152
167969
167913
167898
167830
167807
167786
167785
167784
167754
167746
167740
167715
167696
167676
167675
167674
167673
167663
167551
167496
167284
167283
167282
167281
167175
167151
167150
167103
167102
167100
167098
167078
167043
167041
167039
166979
166967
166966
166960
166950
166947
166946
166939
166923
166922
166921
166911
166895
166894
166893
166890
166889
166888
166864
166863
166862
166861
166860
166859
166842
166841
166840
166839
166787
166784
166782
166781
166763
166756
166701
166699
166683
166681
166677
166674
166565
166563
166562
166554
166530
166514
166512
166502
166493
166486
166462
166440
166439
166438
166429
166408
166401
166394
166380
166379
166377
166374
166346
166305
166301
166254
166245
166228
166164
166163
166161
166159
166150
166149
166148
166147
166087
166086
166052
166051
166049
166034
166033
166021
166011
166010
165999
165993
165980
165970
165922
165887
165633
165627
165620
165619
165617
165570
165567
165558
165557
165548
165542
165537
165536
165529
165525
165523
165514
165506
165487
165486
165484
165472
165467
165423
165421
165415
165402
165400
165399
165364
165358
165306
165272
165271
165269
165268
165262
165255
165254
165248
165241
165238
165233
165229
165210
165208
165205
165182
165180
165168
165165
165163
165150
165129
165121
165120
165103
165102
165099
165098
165093
165088
165071
164236
164235
164234
164232
164224
163869
163817
163796
163795
163793
163765
163763
163761
163760
163759
163758
163757
163754
163753
163751
163738
163737
163668
163665
163664
163663
163662
163661
163660
163659
163658
163657
163655
163630
163596
163593
163592
163591
163589
163588
163587
163586
163585
163584
163583
163582
163581
163580
163483
163482
163481
163480
163479
163478
163476
163475
163402
163387
163385
163378
163377
163376
163375
163374
163372
163371
163370
163369
163368
163358
163340
163339
163338
163337
163334
163333
163332
163308
163302
163301
163300
163297
163296
163289
163286
163275
163270
163269
163261
163255
163252
163244
163243
163238
163237
163235
163234
163233
163232
163078
163076
163072
163071
163070
163069
163046
163045
162929
162926
162925
162924
162917
162909
162902
162881
162828
162827
162826
162825
162824
162823
162822
162811
162810
162808
162803
162801
162765
162762
162760
162742
162739
162733
162718
161312
161311
161310
161305
161303
161301
161233
161224
161223
161222
161217
161216
161213
161212
161210
161205
161176
161165
161156
161119
161117
161116
161113
161107
161106
161103
161078
161076
161020
161016
161008
160998
160994
160957
160956
160955
160954
160943
160942
160940
160939
160938
160937
160936
160935
160916
160915
160914
160913
160911
160907
160898
160894
160890
160888
160877
160876
160875
160874
160873
160872
160871
160853
160835
160827
160819
160815
160808
160744
160737
160579
160578
160577
160547
160502
160500
160499
160498
160497
160495
160494
160488
160486
160484
160472
160471
160469
160467
160466
160463
160462
160456
160455
160454
160450
160449
160447
160446
160445
160444
160443
160442
160439
160433
160432
160431
160428
160427
160425
160423
160421
160413
160410
160406
160405
160404
160403
160386
160384
160383
160379
160377
160329
