Using DBS instance at: http://cmsdbsprod.cern.ch/cms_dbs_prod_global/servlet/DBSServlet
-------------------------------------------------------
run	

163869
163817
163796
163795
163793
163765
163763
163761
163760
163759
163758
163757
163754
163753
163751
163738
163737
163668
163665
163664
163663
163662
163661
163660
163659
163658
163657
163655
163630
163596
163593
163592
163591
163589
163588
163587
163586
163585
163584
163583
163582
163581
163580
163483
163482
163481
163480
163479
163478
163476
163475
163402
163387
163385
163378
163377
163376
163375
163374
163372
163371
163370
163369
163368
163358
163340
163339
163338
163337
163334
163333
163332
163308
163302
163301
163300
163297
163296
163289
163286
163275
163270
163269
163261
163255
163252
163244
163243
163238
163237
163235
163234
163233
163232
163078
163076
163072
163071
163070
163069
163046
163045
162929
162926
162925
162924
162917
162909
162902
162881
162828
162827
162826
162825
162824
162823
162822
162811
162810
162808
162803
162801
162765
162762
162760
162742
162739
162733
162718
161312
161311
161310
161305
161303
161301
161233
161224
161223
161222
161217
161216
161213
161212
161210
161205
161176
161165
161156
161119
161117
161116
161113
161107
161106
161103
161078
161076
161020
161016
161008
160998
160994
160957
160956
160955
160954
160943
160942
160940
160939
160938
160937
160936
160935
160916
160915
160914
160913
160911
160907
160898
160894
160890
160888
160877
160876
160875
160874
160873
160872
160871
160853
160835
160827
160819
160815
160808
160744
160737
160579
160578
160577
160547
160502
160500
160499
160498
160497
160495
160494
160488
160486
160484
160472
160471
160469
160467
160466
160463
160462
160456
160455
160454
160450
160449
160447
160446
160445
160444
160443
160442
160439
160433
160432
160431
160428
160427
160425
160423
160421
160413
160410
160406
160405
160404
160403
160386
160384
160383
160379
160377
160329
