Using DBS instance at: http://cmsdbsprod.cern.ch/cms_dbs_prod_global/servlet/DBSServlet
-------------------------------------------------------
run	

172619
172617
172615
172611
172606
172604
172598
172597
172593
172588
172584
172579
172576
172567
172564
172561
172550
172549
172516
172507
172497
172495
172488
172485
172478
172476
172475
172473
172469
172468
172467
172463
172461
172411
172401
172400
172399
172389
172384
172383
172286
172276
172268
172255
172254
172252
172251
172208
172163
172111
172033
172024
172014
171949
171945
171926
171921
171897
171895
171890
171880
171879
171876
171875
171866
171812
171578
171577
171548
171521
171504
171484
171446
171369
171348
171315
171282
171274
171246
171219
171191
171182
171178
171156
171117
171116
171106
171102
171098
171091
171050
170975
170909
170907
170901
170899
170896
170876
170854
170842
170826
170759
170743
170722
170718
170713
170527
170497
170452
170406
170397
170396
170382
170380
170378
170376
170354
170348
170307
170304
170303
170298
170292
170286
170255
170249
170212
170202
170181
170071
170070
170067
170053
